,year,age,mean,v
2,2008,2,1188607.245,2.86884E+11
3,2008,3,644497.9898,42297991347
4,2008,4,10967937.7,5.65461E+12
5,2008,5,8214112.298,2.05634E+12
6,2008,6,14635326.52,6.56546E+12
7,2008,7,1527963.947,1.41612E+11
8,2008,8,2225949.011,3.0113E+11
9,2008,9,4872830.733,1.1208E+12
10,2008,10,2790416.329,4.50259E+11
11,2008,11,512223.6865,21344620986
12,2008,12,145994.8981,3744359308
13,2008,13,171699.7301,5179471443
14,2008,14,241161.2878,12740820414
15,2008,15,282573.6151,16607299139
16,2008,16,164386.4261,7657737504
17,2008,17,67973.28554,1681794659
1,2008,NA,50624.28476,3372232561
21,2009,2,140626.4582,8349638001
31,2009,3,1835784.298,6.2046E+11
41,2009,4,2271024.169,1.26969E+12
51,2009,5,12342299.68,6.52078E+12
61,2009,6,8607200.849,1.84842E+12
71,2009,7,9589415.251,2.0167E+12
81,2009,8,2021024.783,5.2941E+11
91,2009,9,1414896.175,1.31911E+11
101,2009,10,2531347.377,2.88638E+11
111,2009,11,1302275.593,96765720290
121,2009,12,224181.9177,4531167789
131,2009,13,195468.8363,4587444408
141,2009,14,98442.42827,5088939037
151,2009,15,68747.84032,621828904.4
161,2009,16,138113.9668,4057618548
171,2009,17,25135.3376,142581061.2
18,2009,18,12896.80543,182244657.2
19,2009,NA,107412.8002,4127624471
22,2010,1,221453.4478,50348994606
32,2010,2,117368.8255,5151950427
42,2010,3,568879.9157,80705855717
52,2010,4,2278712.158,4.36396E+11
62,2010,5,1849330.53,2.17433E+11
72,2010,6,8359594.817,1.63674E+12
82,2010,7,5910295.255,7.19956E+11
92,2010,8,5686814.016,7.40203E+11
102,2010,9,944972.1894,85407179881
112,2010,10,891070.7732,40169575555
122,2010,11,1025658.503,99880922711
132,2010,12,553767.4516,38170290205
142,2010,13,86611.14371,1717898651
152,2010,14,43127.77563,609980048.8
162,2010,15,9822.187818,104193986.4
172,2010,16,58282.03741,1243750385
110,2010,NA,175447.1901,13355477367
23,2011,2,1133187.305,5.04283E+11
33,2011,3,968837.4548,1.62204E+11
43,2011,4,1654145.58,1.51361E+11
53,2011,5,3522588.442,4.61078E+11
63,2011,6,2604775.424,2.48378E+11
73,2011,7,9259596.969,1.95137E+12
83,2011,8,4405321.868,3.76957E+11
93,2011,9,4230999.332,3.9809E+11
103,2011,10,782308.757,36617066688
113,2011,11,956419.4346,43298402031
123,2011,12,737120.7402,27806312437
133,2011,13,268506.9174,4926677739
143,2011,14,28847.63777,388822805.6
153,2011,15,18768.39441,175131277.3
163,2011,16,7414.911086,62232844.48
173,2011,17,4634.636729,24709967.3
181,2011,18,3047.635727,17335945.69
114,2011,NA,101334.4888,12061328853
24,2012,2,409287.7325,65691212036
34,2012,3,2948994.551,5.83552E+11
44,2012,4,390130.1355,16208132245
54,2012,5,692593.213,34698584664
64,2012,6,1763754.149,1.48782E+11
74,2012,7,2659699.607,3.5845E+11
84,2012,8,4438384.584,8.74971E+11
94,2012,9,1933451.767,1.20842E+11
104,2012,10,2197088.528,2.94058E+11
115,2012,11,302727.1733,7052049752
124,2012,12,618587.9412,44579748849
134,2012,13,313982.1236,12135864650
144,2012,14,140716.5761,2487139088
154,2012,15,15253.35379,119656861
164,2012,16,27290.12385,255323817.5
116,2012,NA,10137.72095,303355843.8
25,2013,2,179469.3992,24418208584
35,2013,3,704390.6422,66054638768
45,2013,4,3576553.431,5.23466E+11
55,2013,5,431297.5179,10811551647
65,2013,6,1167901.517,59796801563
75,2013,7,1890094.378,87103369357
85,2013,8,2971075.786,3.26281E+11
95,2013,9,4492151.817,4.69481E+11
105,2013,10,2777453.657,2.49742E+11
117,2013,11,1874532.53,2.302E+11
125,2013,12,669110.3376,34564710574
135,2013,13,783401.399,39144074699
145,2013,14,222257.8091,7545474969
155,2013,15,75350.37519,1149697156
165,2013,16,27839.23679,297641134.5
118,2013,NA,20882.54391,1348042001
26,2014,0,7260.67887,18035384.21
36,2014,1,14288.26939,121246353.9
46,2014,2,541243.696,1.05519E+11
56,2014,3,1280740.067,2.02966E+11
66,2014,4,771003.378,32909024828
76,2014,5,2765078.159,3.40375E+11
86,2014,6,724338.99,36443914392
96,2014,7,1122373.806,74021744915
106,2014,8,2680732.634,3.71929E+11
119,2014,9,2300121.552,2.31131E+11
126,2014,10,2851707.854,3.04797E+11
136,2014,11,1143350.19,39402046969
146,2014,12,719511.1632,22934244086
156,2014,13,346553.4467,8625308081
166,2014,14,71398.2134,1063535502
174,2014,15,200508.3674,17811564903
182,2014,16,10105.67627,29615384.99
191,2014,17,5220.771782,47746604.57
20,2014,18,516.0354821,269259.7362
120,2014,NA,3793.267045,50615002.6
27,2015,2,420053.9623,1.02449E+11
37,2015,3,444437.7791,42215552564
47,2015,4,1310219.014,1.28309E+11
57,2015,5,1147473.53,78780792390
67,2015,6,3576566.817,4.96814E+11
77,2015,7,1324550.584,1.06974E+11
87,2015,8,1215292.942,71579283597
97,2015,9,3143697.569,2.6582E+11
107,2015,10,2547299.616,1.7188E+11
1110,2015,11,4366108.252,5.12585E+11
127,2015,12,692407.2669,23705928269
137,2015,13,805530.2581,25976757020
147,2015,14,284522.7166,7842539026
157,2015,15,166437.1468,3405662376
167,2015,16,19237.35216,95971765
175,2015,18,21823.59703,461547968.2
128,2015,NA,730.802316,668343.069
28,2016,2,77651.92411,1736535029
38,2016,3,3635430.007,1.86095E+12
48,2016,4,1525518.007,2.53172E+11
58,2016,5,2229837.017,4.25682E+11
68,2016,6,1740942.62,2.27E+11
78,2016,7,2603243.574,2.61955E+11
88,2016,8,951580.3172,62405358251
98,2016,9,1093599.889,33602094431
108,2016,10,1811459.033,87018947151
1111,2016,11,1858432.822,1.08327E+11
129,2016,12,2870425.75,2.04948E+11
138,2016,13,940075.4668,36069470200
148,2016,14,438978.3558,12246507737
158,2016,15,71102.41839,752741366.6
168,2016,16,61236.4252,1116803448
176,2016,17,1875.117567,4261314.684
130,2016,NA,10268.16631,117605187.6
29,2017,1,10471.74244,79534542.55
39,2017,2,124549.9903,4151893743
49,2017,3,948864.7293,2.01201E+11
59,2017,4,4395649.617,1.6257E+12
69,2017,5,1192490.191,1.03068E+11
79,2017,6,1504372.736,98307112210
89,2017,7,837206.4246,80253240932
99,2017,8,1415777.357,1.55758E+11
109,2017,9,324620.2445,8464841309
1112,2017,10,743312.1707,52967645853
1210,2017,11,1004222.066,52014474122
139,2017,12,1751342.095,2.42608E+11
149,2017,13,2235548.635,2.90341E+11
159,2017,14,515098.3939,30827552910
169,2017,15,202017.6844,5625464920
177,2017,16,27557.58509,342127194.8
183,2017,18,9504.507748,75744587.55
140,2017,NA,16939.48577,299485565.7
210,2018,2,580997.6777,1.5369E+11
310,2018,3,1130233.94,5.23295E+11
410,2018,4,2033125.82,2.19581E+11
510,2018,5,5495745.96,7.9896E+11
610,2018,6,966936.7406,29844190214
710,2018,7,1408254.267,65748555784
810,2018,8,581967.0303,19932712041
910,2018,9,1301456.491,86048689578
1010,2018,10,357189.2807,10028748083
1113,2018,11,671954.3748,23575178690
1211,2018,12,1570456.698,1.24742E+11
1310,2018,13,1494808.752,1.9661E+11
1410,2018,14,1528064.605,1.42824E+11
1510,2018,15,277023.6601,8704333539
1610,2018,16,191470.2326,4085469604
178,2018,17,34196.92385,360801317.3
150,2018,NA,690.7467428,1078531.785
211,2019,1,4455.585867,32337610.83
311,2019,2,162666.3492,14781359534
411,2019,3,2813304.094,2.11725E+12
511,2019,4,689335.9462,49095156418
611,2019,5,2183833.268,1.87868E+11
711,2019,6,4736889.309,6.42943E+11
811,2019,7,1147086.935,60016489120
911,2019,8,1238702.269,80311029563
1011,2019,9,968017.4686,52349494483
1114,2019,10,1234701.238,95127972380
1212,2019,11,835198.148,53803712354
1311,2019,12,684238.6503,43283740295
1411,2019,13,1390039.674,2.14011E+11
1511,2019,14,952748.3592,87924303032
1611,2019,15,656615.6305,50902035602
179,2019,16,142574.6568,2757475379
184,2019,17,4281.403852,27341833.76
160,2019,NA,9702.435681,59954241.6
212,2020,2,42708.55633,578349564.6
312,2020,3,471905.9147,20963581715
412,2020,4,13064451.73,3.33578E+12
512,2020,5,512666.9628,30880239303
612,2020,6,1009186.617,1.00778E+11
712,2020,7,2492209.924,4.00942E+11
812,2020,8,786413.9925,69451662543
912,2020,9,629366.7679,38696148947
1012,2020,10,433769.7087,20743437634
1115,2020,11,694173.5459,49993119343
1213,2020,12,323834.0805,12807077874
1312,2020,13,505060.4776,37158597674
1412,2020,14,725592.0277,66344985254
1512,2020,15,482999.7426,31538212426
1612,2020,16,307826.0109,17777431494
1710,2020,17,96603.43249,2126568865
185,2020,18,14387.48863,122214688.7
170,2020,NA,22766.02832,99869435.78
1,2021,NA,1091060.85,1.37E+11
2,2021,1,14870.1081,318619653.9
3,2021,2,33606.1327,1676458437
4,2021,3,1108776.4,3.10E+11
5,2021,4,1289868.55,60929894747
6,2021,5,11906004.7,5.95E+12
7,2021,6,698178.827,22715527087
8,2021,7,1051112.3,46814771660
1,2021,8,2038766.93,1.53E+11
1,2021,9,500813.468,10242391720
1,2021,10,550794.883,18310498649
1,2021,11,476401.562,14432726769
1,2021,12,461748.801,14358636643
1,2021,13,442321.954,18004778466
1,2021,14,615290.091,34292993102
1,2021,15,752124.144,54611477941
1,2021,16,566124.032,31631382069
1,2021,17,182443.206,4135374529
1,2021,18,14215.3284,81910012.76

